Filename: fr.txt
Chars number: 1848
Words number: 325
Rows number: 8
Chars frequency:
                   a : 6.6017316017316015
                   b : 0.6493506493506493
                   c : 2.867965367965368
                   d : 2.272727272727273
                   e : 11.742424242424242
                   f : 0.8116883116883117
                   g : 0.974025974025974
                   h : 0.5411255411255411
                   i : 3.7337662337662336
                   j : 0.3787878787878788
                   k : 0.05411255411255411
                   l : 5.51948051948052
                   m : 2.9761904761904763
                   n : 5.411255411255412
                   o : 4.220779220779221
                   p : 1.5151515151515151
                   q : 0.3787878787878788
                   r : 5.086580086580087
                   s : 6.2229437229437226
                   t : 3.841991341991342
                   u : 4.761904761904762
                   v : 0.7575757575757576
                   w : 0.0
                   x : 0.21645021645021645
                   y : 0.21645021645021645
                   z : 0.10822510822510822

Language: French
        